[result]
best_epoch=3
best_validation=5.168648
complete=1
cost_multiply_add=86850000
epoch=10
max_epoch=10
schedule=0
training=2.048026
validation=5.830624
[statistics]
Output=2790030
CostParameter=454882
CostAdd=1620020
CostMultiply=0
CostMultiplyAdd=86850000
CostDivision=10
CostExp=10
CostIf=2025000
